97 3 51 
97 26 40 
32 66 39 
34 10 35 
22 76 95 
10 63 77 
72 52 78 
68 13 9 
35 37 95 
71 2 64 
89 12 6 
67 93 13 
50 25 7 
9 83 56 
89 45 36 
52 60 79 
59 90 61 
37 77 92 
71 35 19 
82 10 80 
8 66 97 
75 45 6 
31 71 68 
50 22 73 
15 17 34 
80 70 41 
55 73 68 
99 44 65 
47 41 1 
23 41 59 
96 6 27 
26 47 59 
46 95 68 
93 52 63 
57 55 29 
13 50 87 
61 32 97 
17 18 48 
84 37 88 
99 62 14 
41 40 51 
11 31 42 
85 88 11 
91 17 31 
37 57 45 
86 6 12 
82 93 50 
6 93 58 
67 29 27 
65 23 25 
91 97 34 
52 10 90 
86 25 24 
82 72 37 
57 30 23 
35 49 44 
0 91 44 
61 51 72 
53 27 43 
97 70 98 
41 97 13 
98 33 61 
1 72 3 
25 67 63 
47 44 37 
33 98 76 
43 49 0 
90 13 69 
57 57 5 
40 40 90 
6 6 69 
15 68 44 
45 8 58 
60 33 35 
41 28 10 
63 29 59 
2 60 83 
18 87 62 
81 53 70 
5 71 94 
2 38 7 
12 55 19 
60 58 41 
83 48 19 
80 35 13 
87 47 56 
76 57 89 
89 31 42 
74 34 40 
35 80 70 
49 54 82 
85 93 93 
89 15 67 
43 57 52 
98 26 40 
9 87 52 
98 71 88 
18 36 27 
55 29 45 
28 46 66 
